0.025 0.0 0.0
0.07500000000000001 0.0 0.0
0.125 0.0 0.0
0.17500000000000002 0.0 0.0
0.225 0.0 0.0
0.275 0.0 0.0
0.325 0.0 0.0
0.375 0.0 0.0
0.42500000000000004 0.0 0.0
0.47500000000000003 0.0 0.0
0.525 0.0 0.0
0.5750000000000001 0.0 0.0
0.625 0.0 0.0
0.675 0.0 0.0
0.7250000000000001 0.0 0.0
0.775 0.0 0.0
0.8250000000000001 0.0 0.0
0.875 0.000278399054053614 0.00010631229235880399
0.925 0.0790963699994146 0.0338604651162791
0.9750000000000001 0.834255216895132 0.4293953488372089
1.0250000000000001 2.083107785759721 1.52090365448505
1.075 2.662800541934301 3.055574750830563
1.125 2.3876969098437373 4.562657807308976
1.175 1.971363107360608 5.919999999999999
1.225 1.5225911690047496 7.059455149501661
1.2750000000000001 1.2257396645934182 8.053156146179404
1.3250000000000002 1.0040878756306668 8.932252491694362
1.375 0.8629961481812206 9.745913621262464
1.425 0.7643441459504766 10.519920265780733
1.475 0.69483850985 11.273780730897013
1.5250000000000001 0.6706976846956729 12.0516146179402
1.5750000000000002 0.6735688366366939 12.88483720930232
1.625 0.68943522739081 13.792691029900343
1.675 0.7151910463663951 14.793302325581397
1.725 0.784741290138965 15.957740863787384
1.7750000000000001 0.8567312295899528 17.303760797342203
1.8250000000000002 0.9305161365590215 18.849222591362118
1.875 1.0147231122041502 20.628146179401984
1.925 1.1049765507868798 22.669980066445163
1.975 1.1708044562689561 24.947295681063117
2.025 1.2159703542030555 27.433727574750847
2.075 1.229678222873945 30.073887043189377
2.125 1.217535904531073 32.815468438538225
2.1750000000000003 1.179351331456022 35.597501661129584
2.225 1.1098477634401194 38.33732890365448
2.275 1.0681715400322678 41.09411295681067
2.325 1.001821120376535 43.79455149501663
2.375 0.9601981317882379 46.49530897009965
2.4250000000000003 0.9226071274230259 49.20074418604655
2.475 0.8939391542686707 51.93132225913619
2.5250000000000004 0.8882140974815347 54.75513621262454
2.575 0.9003579529978142 57.73203986710968
2.625 0.9189854969345208 60.889674418604685
2.6750000000000003 0.9307804257507906 64.20900996677739
2.725 0.9645863115029224 67.65469767441866
2.7750000000000004 0.9989686039095549 71.15045847176084
2.825 1.0319703861737108 74.68140863787373
2.875 1.0602518527040379 78.22134219269108
2.9250000000000003 1.072431260155114 81.70780066445181
2.975 1.081900330779516 85.1246777408638
3.0250000000000004 1.0841514574150497 88.44268438538211
3.075 1.0728551296057536 91.61589368770767
3.125 1.0579761283835607 94.63112292358804
3.1750000000000003 1.0364856415418668 97.46827906976743
3.225 1.0118920234200481 100.11901661129569
3.2750000000000004 0.993103936115018 102.59869767441857
3.325 0.9871867333130051 104.93756810631223
3.375 0.9722767422518305 107.1121328903654
3.4250000000000003 0.9599344057271189 109.12696345514945
3.475 0.9616662707156335 111.00826578073087
3.5250000000000004 0.9625654133329835 112.74923588039866
3.575 0.9737477628121198 114.36183388704316
3.625 0.9947064645258743 115.85238538205985
3.6750000000000003 1.0055801481178739 117.19574750830569
3.725 1.015355646455541 118.38203322259129
3.7750000000000004 1.0336609774198458 119.4113488372093
3.825 1.0404368656141048 120.2626976744186
3.875 0.0 0.0
3.9250000000000003 0.0 0.0
3.975 0.0 0.0
4.025 0.0 0.0
4.075 0.0 0.0
4.125 0.0 0.0
4.175 0.0 0.0
4.2250000000000005 0.0 0.0
4.275 0.0 0.0
4.325 0.0 0.0
4.375 0.0 0.0
4.425 0.0 0.0
4.4750000000000005 0.0 0.0
4.525 0.0 0.0
4.575 0.0 0.0
4.625 0.0 0.0
4.675 0.0 0.0
4.7250000000000005 0.0 0.0
4.775 0.0 0.0
4.825 0.0 0.0
4.875 0.0 0.0
4.925000000000001 0.0 0.0
4.9750000000000005 0.0 0.0
5.025 0.0 0.0
5.075 0.0 0.0
5.125 0.0 0.0
5.175000000000001 0.0 0.0
5.2250000000000005 0.0 0.0
5.275 0.0 0.0
5.325 0.0 0.0
5.375 0.0 0.0
5.425000000000001 0.0 0.0
5.4750000000000005 0.0 0.0
5.525 0.0 0.0
5.575 0.0 0.0
5.625 0.0 0.0
5.675000000000001 0.0 0.0
5.7250000000000005 0.0 0.0
5.775 0.0 0.0
5.825 0.0 0.0
5.875 0.0 0.0
5.925000000000001 0.0 0.0
5.9750000000000005 0.0 0.0
6.025 0.0 0.0
6.075 0.0 0.0
6.125 0.0 0.0
6.175000000000001 0.0 0.0
6.2250000000000005 0.0 0.0
6.275 0.0 0.0
6.325 0.0 0.0
6.375 0.0 0.0
6.425000000000001 0.0 0.0
6.4750000000000005 0.0 0.0
6.525 0.0 0.0
6.575 0.0 0.0
6.625 0.0 0.0
6.675000000000001 0.0 0.0
6.7250000000000005 0.0 0.0
6.775 0.0 0.0
6.825 0.0 0.0
6.875 0.0 0.0
6.925000000000001 0.0 0.0
6.9750000000000005 0.0 0.0
7.025 0.0 0.0
7.075 0.0 0.0
7.125 0.0 0.0
7.175000000000001 0.0 0.0
7.2250000000000005 0.0 0.0
7.275 0.0 0.0
7.325 0.0 0.0
7.375 0.0 0.0
7.425000000000001 0.0 0.0
7.4750000000000005 0.0 0.0
7.525 0.0 0.0
7.575 0.0 0.0
7.625 0.0 0.0
7.675000000000001 0.0 0.0
7.7250000000000005 0.0 0.0
7.775 0.0 0.0
7.825 0.0 0.0
7.875 0.0 0.0
7.925000000000001 0.0 0.0
7.9750000000000005 0.0 0.0
8.025 0.0 0.0
8.075000000000001 0.0 0.0
8.125 0.0 0.0
8.175 0.0 0.0
8.225 0.0 0.0
8.275 0.0 0.0
8.325000000000001 0.0 0.0
8.375 0.0 0.0
8.425 0.0 0.0
8.475 0.0 0.0
8.525 0.0 0.0
8.575000000000001 0.0 0.0
8.625 0.0 0.0
8.675 0.0 0.0
8.725 0.0 0.0
8.775 0.0 0.0
8.825000000000001 0.0 0.0
8.875 0.0 0.0
8.925 0.0 0.0
8.975 0.0 0.0
9.025 0.0 0.0
9.075000000000001 0.0 0.0
9.125 0.0 0.0
9.175 0.0 0.0
9.225 0.0 0.0
9.275 0.0 0.0
9.325000000000001 0.0 0.0
9.375 0.0 0.0
9.425 0.0 0.0
9.475 0.0 0.0
9.525 0.0 0.0
9.575000000000001 0.0 0.0
9.625 0.0 0.0
9.675 0.0 0.0
9.725000000000001 0.0 0.0
9.775 0.0 0.0
9.825000000000001 0.0 0.0
9.875 0.0 0.0
9.925 0.0 0.0
9.975000000000001 0.0 0.0
10.025 0.0 0.0
