0.025 0.0 0.0
0.07500000000000001 0.0 0.0
0.125 0.0 0.0
0.17500000000000002 0.0 0.0
0.225 0.0 0.0
0.275 0.0 0.0
0.325 0.0 0.0
0.375 0.0 0.0
0.42500000000000004 0.0 0.0
0.47500000000000003 0.0 0.0
0.525 0.0 0.0
0.5750000000000001 0.0 0.0
0.625 0.0 0.0
0.675 0.0 0.0
0.7250000000000001 0.0 0.0
0.775 0.0 0.0
0.8250000000000001 0.0 0.0
0.875 0.000402509427161925 0.00021262458471760803
0.925 0.0944350265422216 0.055960132890365326
0.9750000000000001 1.245333190111324 0.8727176079734219
1.0250000000000001 3.5434062366966095 3.441089700996681
1.075 4.298342290743252 6.867973421926913
1.125 3.098375059034226 9.573262458471758
1.175 1.5792866837554589 11.077461794019927
1.225 0.6225606996259231 11.721953488372085
1.2750000000000001 0.2055837401215347 11.952504983388717
1.3250000000000002 0.10477675474168564 12.079401993355486
1.375 0.17712783019387632 12.310418604651163
1.425 0.39006544232588397 12.856823920265796
1.475 0.6684980739321487 13.860119601328902
1.5250000000000001 0.8311291836962041 15.193488372093029
1.5750000000000002 0.7508243975789971 16.478299003322267
1.625 0.5009243236952604 17.39076411960133
1.675 0.3278495246433342 18.025275747508317
1.725 0.484996857163711 19.02079734219269
1.7750000000000001 1.1031759160522105 21.41837873754153
1.8250000000000002 1.9458480156391498 25.888970099667773
1.875 2.3545844646596183 31.599096345514955
1.925 1.9887707095714096 36.682724252491695
1.975 1.232608967636732 39.99926910299002
2.025 0.7083776321887462 42.00300332225911
2.075 0.6498906587340575 43.93319601328908
2.125 0.8289227492300414 46.51518936877081
2.1750000000000003 0.9022164126516423 49.459282392026566
2.225 0.7909071336331129 52.16017275747508
2.275 0.7038252398055957 54.67291694352159
2.325 0.8465481034118945 57.82950166112952
2.375 1.1480363482807117 62.29635880398676
2.4250000000000003 1.3237269232229338 67.6659401993356
2.475 1.1705276975320085 72.61189368770762
2.5250000000000004 0.8385891420879366 76.29988039867108
2.575 0.5847336890223547 78.9742990033222
2.625 0.5067561226549558 81.38295016611295
2.6750000000000003 0.5477030020188851 84.08633887043192
2.725 0.7419449642185556 87.88665780730894
2.7750000000000004 1.1780226384884578 94.14406644518267
2.825 1.7193640755788544 103.6090365448505
2.875 1.9445176227013852 114.6957209302326
2.9250000000000003 1.6582209308529727 124.481780730897
2.975 1.0963163142834291 131.17481727574759
3.0250000000000004 0.6515233793447018 135.2872026578073
3.075 0.48258826222106876 138.43480398671096
3.125 0.5683985085078971 142.26362790697672
3.1750000000000003 0.8276658054280109 148.01875083056473
3.225 1.1042559211980874 155.94086378737555
3.2750000000000004 1.2146823463196896 164.92749501661126
3.325 1.1416534625773065 173.63370099667767
3.375 1.013316314207026 181.5953621262459
3.4250000000000003 0.9212442448839737 189.04966112956814
3.475 0.8660302654899523 196.26328239202667
3.5250000000000004 0.8387915608665701 203.4525182724252
3.575 0.8371969924376776 210.83308970099677
3.625 0.8342842477488627 218.39514950166094
3.6750000000000003 0.8298766721936559 226.12619269102976
3.725 0.8936251792022359 234.67917607973422
3.7750000000000004 1.0666193718679937 245.16380066445174
3.825 1.3400886878796299 258.6844784053154
3.875 1.6270618117099183 275.1368106312292
3.9250000000000003 1.4273210403089835 289.3692358803985
3.975 0.9934701395632873 299.1293554817277
4.025 0.7153710240504657 306.0471495016611
4.075 0.6244399213329874 311.9851162790698
4.125 0.7966547416196077 319.4270033222592
4.175 0.9122861894420399 327.78963455149494
4.2250000000000005 0.580177882895463 333.00255149501663
4.275 0.37427486613240823 336.2948571428569
4.325 0.5602219111152021 341.1133554817275
4.375 0.9151010259939489 348.7990299003323
4.425 1.2659312167870995 359.16635215946826
4.4750000000000005 1.3817488571357106 370.18352159468424
4.525 1.32393763361202 380.4444651162791
4.575 1.3727241435702278 390.7678936877076
4.625 1.561052010354429 402.137926910299
4.675 1.6496748814379136 413.7513887043189
4.7250000000000005 1.3207435832749237 422.7182192691032
4.775 0.7481069395069299 427.60463787375426
4.825 0.5374203953407117 430.97281063122944
4.875 0.8177190882170958 435.87584053156115
4.925000000000001 1.164805516336679 442.53593355481695
4.9750000000000005 1.0477877508134328 448.22821262458496
5.025 0.55381301362762 451.0751760797343
5.075 0.17099866062483918 451.90310963455147
5.125 0.0660503560929947 452.2027109634549
5.175000000000001 0.14663945029461103 452.8220066445187
5.2250000000000005 0.44326773856967194 454.5523720930233
5.275 1.1108897539240115 458.5262059800665
5.325 2.1693179342365654 465.5629767441857
5.375 3.0590519987657925 474.44487707641235
5.425000000000001 2.8747338095318824 481.7935415282392
5.4750000000000005 0.0 0.0
5.525 0.0 0.0
5.575 0.0 0.0
5.625 0.0 0.0
5.675000000000001 0.0 0.0
5.7250000000000005 0.0 0.0
5.775 0.0 0.0
5.825 0.0 0.0
5.875 0.0 0.0
5.925000000000001 0.0 0.0
5.9750000000000005 0.0 0.0
6.025 0.0 0.0
6.075 0.0 0.0
6.125 0.0 0.0
6.175000000000001 0.0 0.0
6.2250000000000005 0.0 0.0
6.275 0.0 0.0
6.325 0.0 0.0
6.375 0.0 0.0
6.425000000000001 0.0 0.0
6.4750000000000005 0.0 0.0
6.525 0.0 0.0
6.575 0.0 0.0
6.625 0.0 0.0
6.675000000000001 0.0 0.0
6.7250000000000005 0.0 0.0
6.775 0.0 0.0
6.825 0.0 0.0
6.875 0.0 0.0
6.925000000000001 0.0 0.0
6.9750000000000005 0.0 0.0
7.025 0.0 0.0
7.075 0.0 0.0
7.125 0.0 0.0
7.175000000000001 0.0 0.0
7.2250000000000005 0.0 0.0
7.275 0.0 0.0
7.325 0.0 0.0
7.375 0.0 0.0
7.425000000000001 0.0 0.0
7.4750000000000005 0.0 0.0
7.525 0.0 0.0
7.575 0.0 0.0
7.625 0.0 0.0
7.675000000000001 0.0 0.0
7.7250000000000005 0.0 0.0
7.775 0.0 0.0
7.825 0.0 0.0
7.875 0.0 0.0
7.925000000000001 0.0 0.0
7.9750000000000005 0.0 0.0
8.025 0.0 0.0
8.075000000000001 0.0 0.0
8.125 0.0 0.0
8.175 0.0 0.0
8.225 0.0 0.0
8.275 0.0 0.0
8.325000000000001 0.0 0.0
8.375 0.0 0.0
8.425 0.0 0.0
8.475 0.0 0.0
8.525 0.0 0.0
8.575000000000001 0.0 0.0
8.625 0.0 0.0
8.675 0.0 0.0
8.725 0.0 0.0
8.775 0.0 0.0
8.825000000000001 0.0 0.0
8.875 0.0 0.0
8.925 0.0 0.0
8.975 0.0 0.0
9.025 0.0 0.0
9.075000000000001 0.0 0.0
9.125 0.0 0.0
9.175 0.0 0.0
9.225 0.0 0.0
9.275 0.0 0.0
9.325000000000001 0.0 0.0
9.375 0.0 0.0
9.425 0.0 0.0
9.475 0.0 0.0
9.525 0.0 0.0
9.575000000000001 0.0 0.0
9.625 0.0 0.0
9.675 0.0 0.0
9.725000000000001 0.0 0.0
9.775 0.0 0.0
9.825000000000001 0.0 0.0
9.875 0.0 0.0
9.925 0.0 0.0
9.975000000000001 0.0 0.0
10.025 0.0 0.0
