0.025 0.0 0.0
0.07500000000000001 0.0 0.0
0.125 0.0 0.0
0.17500000000000002 0.0 0.0
0.225 0.0 0.0
0.275 0.0 0.0
0.325 0.0 0.0
0.375 0.0 0.0
0.42500000000000004 0.0 0.0
0.47500000000000003 0.0 0.0
0.525 0.0 0.0
0.5750000000000001 0.0 0.0
0.625 0.0 0.0
0.675 0.0 0.0
0.7250000000000001 0.0 0.0
0.775 0.0 0.0
0.8250000000000001 0.0 0.0
0.875 0.0 0.0
0.925 0.03786660493173059 0.0010099667774086385
0.9750000000000001 0.5435383545948104 0.017116279069767454
1.0250000000000001 1.7448841149360976 0.0742591362126244
1.075 2.603126845492411 0.1680265780730893
1.125 3.0816378665603135 0.2895946843853814
1.175 2.6607030153596347 0.40409302325581353
1.225 2.433190800143892 0.5179003322259134
1.2750000000000001 1.9219470172185313 0.6152823920265778
1.3250000000000002 1.8165622387864835 0.7146843853820589
1.375 1.6579988402232078 0.8123853820598009
1.425 1.4941480424213256 0.9069501661129568
1.475 1.4690477961337496 1.0065647840531566
1.5250000000000001 1.2863020559809222 1.0998006644518286
1.5750000000000002 1.2678132705205205 1.1978205980066456
1.625 1.1858333193989998 1.2954152823920257
1.675 1.1191386211473218 1.393275747508305
1.725 1.133730024878001 1.4984186046511636
1.7750000000000001 1.1211058862398107 1.608504983388704
1.8250000000000002 1.023138782023948 1.7147109634551505
1.875 1.084279416387312 1.8335149501661143
1.925 1.0659691520182644 1.956624584717609
1.975 1.0817683364702928 2.0881328903654506
2.025 1.1142754440863902 2.230538205980066
2.075 1.0533024322505713 2.3718803986710966
2.125 1.102524261906996 2.5270431893687686
2.1750000000000003 1.0534999725577896 2.6823654485049824
2.225 1.0566409430754145 2.8453953488372115
2.275 1.0624456314857047 3.016770764119602
2.325 1.0345958451767172 3.191069767441864
2.375 1.071019194036521 3.379348837209302
2.4250000000000003 1.0516734100406573 3.572093023255817
2.475 1.0293812160915354 3.7686112956810613
2.5250000000000004 1.0473377940416055 3.9767176079734234
2.575 1.0124624914877782 4.185940199335555
2.625 1.0138650850225521 4.403667774086385
2.6750000000000003 1.0042069147056476 4.627614617940202
2.725 1.0161595097948832 4.862777408637872
2.7750000000000004 0.9971482506365955 5.102086378737536
2.825 1.0025571919323502 5.351441860465111
2.875 1.0047201113054502 5.610259136212626
2.9250000000000003 1.0117324876805263 5.880026578073088
2.975 1.000173077888224 6.155906976744187
3.0250000000000004 1.0264703194500318 6.448637873754162
3.075 0.9890321341665912 6.74009302325582
3.125 1.0137014337913057 7.0486112956810665
3.1750000000000003 0.9947157415900103 7.361116279069763
3.225 1.0029777639614355 7.686219269102991
3.2750000000000004 1.0000979007596698 8.020518272425242
3.325 1.0020274928510546 8.365767441860468
3.375 0.9984631908939928 8.720212624584718
3.4250000000000003 0.9900256230978425 9.08215282392027
3.475 1.01244829060038 9.463176079734211
3.5250000000000004 0.9862640737082666 9.845102990033219
3.575 0.9911655928330126 10.239893687707642
3.625 0.9917889328062172 10.646059800664462
3.6750000000000003 0.9795088844731347 11.058338870431891
3.725 0.9940777048419553 11.488212624584715
3.7750000000000004 0.9953279160369292 11.930259136212614
3.825 0.99151027710605 12.38235215946843
3.875 0.9953947313222223 12.84815946843854
3.9250000000000003 1.004517901974711 13.330445182724267
3.975 1.0035864845948552 13.824637873754149
4.025 0.9956529848097475 14.327335548172753
4.075 0.991502004727671 14.840451827242525
4.125 0.9823467616484517 15.361382059800682
4.175 0.9920329600939749 15.900279069767429
4.2250000000000005 0.9855090053637715 16.448531561461788
4.275 0.9921764042463684 17.013634551495016
4.325 0.9734720120985358 17.581129568106306
4.375 0.9894881023927207 18.171375415282387
4.425 0.977357953046719 18.767787375415267
4.4750000000000005 0.9708857379754039 19.373714285714286
4.525 0.9855345039335685 20.00260465116279
4.575 0.971444812845818 20.636279069767436
4.625 0.9920977353837209 21.297647840531553
4.675 0.9775455484725057 21.963481727574774
4.7250000000000005 0.9887481464792179 22.65142857142858
4.775 0.9884974370785584 23.353833887043187
4.825 0.9734650828660666 24.06011960132889
4.875 0.9955842057105359 24.797501661129587
4.925000000000001 0.996216336554344 25.550564784053165
4.9750000000000005 0.9886281355723896 26.313142857142836
5.025 0.9794544688309194 27.083906976744178
5.075 0.9942230869446258 27.88194019933556
5.125 0.9894645714900231 28.691880398671106
5.175000000000001 0.9950848374649368 29.522392026578068
5.2250000000000005 0.9841908759159491 30.359760797342176
5.275 0.9916119941176788 31.219667774086375
5.325 0.9759650277299896 32.08212624584714
5.375 0.9898316996969821 32.973342192691035
5.425000000000001 0.9725394864081749 33.86535548172758
5.4750000000000005 0.9843891153290926 34.78495681063123
5.525 0.991573504665581 35.72826578073088
5.575 0.9697514498750746 36.66758803986712
5.625 0.9872502717495943 37.64108970099667
5.675000000000001 0.9919094178319485 38.636651162790706
5.7250000000000005 0.9811642718629457 39.63885714285716
5.775 0.9830686531119328 40.660624584717624
5.825 0.98214937481095 41.69918936877073
5.875 0.9889266854862222 42.76295016611295
5.925000000000001 0.9880969691871787 43.84398671096348
5.9750000000000005 0.9801332736829363 44.93448504983391
6.025 0.9973876588108944 46.06283056478404
6.075 0.9972131817777957 47.20978073089701
6.125 0.9933197133505655 48.371136212624606
6.175000000000001 1.0085662551642103 49.56964784053155
6.2250000000000005 0.9987238351187654 50.775760797342194
6.275 1.007389049887243 52.01196013289032
6.325 1.0087496201181525 53.26963455149499
6.375 0.9979405809260773 54.53358139534886
6.425000000000001 0.9957734714867912 55.81464451827244
6.4750000000000005 1.0042129079132862 57.126750830564795
6.525 0.9944903439039768 58.44629900332226
6.575 0.9955990114127907 59.78764119601328
6.625 1.0016907460353033 61.157794019933576
6.675000000000001 0.9839075966327806 62.52401328903659
6.7250000000000005 0.9932800002592704 63.923986710963405
6.775 0.9970006725784827 65.3489435215947
6.825 0.9760596805764036 66.74158139534887
6.875 0.9917338739525021 68.14570099667768
6.925000000000001 0.995538710854336 69.54397342192684
6.9750000000000005 0.9899358730335958 70.92289700996676
7.025 0.9993182455861475 72.30299003322261
7.075 0.9997734293169214 73.67149501661132
7.125 1.0050521679339635 75.03463122923586
7.175000000000001 1.0203181398431391 76.40536877076407
7.2250000000000005 1.0045543352449 77.7417142857143
7.275 0.9968233708788361 79.05435215946845
7.325 1.0012033621886072 80.35896345514946
7.375 1.010538973862664 81.66150166112959
7.425000000000001 1.0088195788682364 82.94729568106317
7.4750000000000005 0.9926691131717612 84.19790033222587
7.525 1.0119094246233187 85.45754152823918
7.575 1.0063296658641248 86.69480398671094
7.625 1.0053764272824939 87.9151627906977
7.675000000000001 0.9989351719022194 89.11176079734224
7.7250000000000005 1.0175491854029723 90.3140996677741
7.775 1.0119111931952487 91.49299667774085
7.825 1.0111058967382551 92.65387375415287
7.875 1.0072647687058374 93.79300996677743
7.925000000000001 1.0008167473395566 94.90732225913621
7.9750000000000005 1.0051195646361204 96.0085049833887
8.025 0.9969307508605185 97.0826312292359
8.075000000000001 1.0034094648943817 98.14522259136203
8.125 0.9930462407984009 99.1782059800664
8.175 0.9914515233050103 100.19061794019933
8.225 1.0009288849925082 101.19330232558137
8.275 0.994213315635715 102.1696744186047
8.325000000000001 0.9936204854386639 103.12558139534883
8.375 0.9947986735431111 104.06240531561463
8.425 1.012351548310263 104.9948704318937
8.475 0.9925040985037702 105.88826578073092
8.525 0.9866920158600788 106.75545514950167
8.575000000000001 1.0073615209087043 107.61908305647837
8.625 0.9972229904025761 108.45219933554817
8.675 0.9873093448621337 109.255122923588
8.725 1.0018953920240148 110.04736212624586
8.775 0.9924141349746779 110.80946179401997
8.825000000000001 0.9940397295624328 111.54982059800662
8.875 1.000842110002163 112.2717873754153
8.925 1.0035226978082639 112.971853820598
8.975 0.9874436399590754 113.63694352159467
9.025 1.0013449995646115 114.28699003322266
9.075000000000001 0.9872165403468033 114.90349501661126
9.125 0.9843120207583895 115.49358139534881
9.175 0.9983511521845058 116.06681727574751
9.225 0.9935240849381015 116.61182724252488
9.275 0.9856603448007463 117.12696345514945
9.325000000000001 0.998042313105916 117.62237873754151
9.375 1.0053500195111895 118.09472425249176
9.425 1.0068063036573904 118.54070431893686
9.475 0.9956549707169463 118.95468438538204
9.525 0.9898930529549773 119.33905647840533
9.575000000000001 0.9891165551770437 119.69562790697674
9.625 0.0 0.0
9.675 0.0 0.0
9.725000000000001 0.0 0.0
9.775 0.0 0.0
9.825000000000001 0.0 0.0
9.875 0.0 0.0
9.925 0.0 0.0
9.975000000000001 0.0 0.0
10.025 0.0 0.0
